#Layer_Color=16777215
#
#Feature symbol names
#
$0 r7.874
$1 r10
$2 rect39.3701x177.1653
$3 rect39.3701x39.37
$4 rect25.5905x25.5905
$5 rect23.6221x23.6221_315
$6 rect23.622x23.622
$7 rect787.4016x1092.5197

#
#Feature attribute names
#

#
#Layer features
#
A 0.4273052 3.7204724 0.4273052 3.7204724 0.4133858 3.7204724 1 P 0 N
A 0.464567 1.6023622 0.464567 1.6023622 0.4062993 1.6023622 0 P 0 N
A 1.1683071 3.4625984 1.1683071 3.4625984 1.1661063 3.4625984 0 P 0 N
A 1.1683071 3.8562992 1.1683071 3.8562992 1.1661063 3.8562992 0 P 0 N
A 1.1749646 3.4625984 1.1749646 3.4625984 1.1661063 3.4625984 0 P 0 N
A 1.1749646 3.8562992 1.1749646 3.8562992 1.1661063 3.8562992 0 P 0 N
A 1.7037402 3.9015748 1.7037402 3.9015748 1.6889764 3.9015748 0 P 0 N
A 1.708686 3.9015748 1.708686 3.9015748 1.6889764 3.9015748 0 P 0 N
A 2.4094489 1.6023622 2.4094489 1.6023622 2.3496063 1.6023622 0 P 0 N
A 2.76658 3.5187008 2.8239712 3.5187008 2.7952756 3.5187008 0 P 0 N
A 2.7725116 4.0311424 2.7319298 4.0717242 2.7522207 4.0514333 0 P 0 N
A 2.8188977 1.6141732 2.8188977 1.6141732 2.7913386 1.6141732 0 P 0 N
A 2.9052518 3.7401575 2.9052518 3.7401575 2.8895038 3.7401575 0 P 0 N
A 3.5980716 4.2747324 3.6386534 4.3153142 3.6183625 4.2950233 0 P 0 N
A 3.6220473 1.6141732 3.6220473 1.6141732 3.5866142 1.6141732 0 P 0 N
A 3.8475932 3.1742126 3.790202 3.1742126 3.8188976 3.1742126 0 P 0 N
A 4.1417324 3.8622047 4.1417324 3.8622047 4.1299213 3.8622047 1 P 0 N
A 4.3597311 4.4094488 4.3597311 4.4094488 4.3503937 4.4094488 1 P 0 N
A 5.1338582 4.3307087 5.1338582 4.3307087 5.1181102 4.3307087 0 P 0 N
A 5.1496063 2.2362205 5.4803149 2.2362205 5.3149606 2.2834646 0 P 0 N
A 5.4803149 2.3307087 5.1496063 2.3307087 5.3149606 2.2834646 0 P 0 N
A 5.6614173 2.0551181 5.6614173 1.7244095 5.7086614 1.8897638 0 P 0 N
A 5.6614173 2.8425197 5.6614173 2.5118111 5.7086614 2.6771654 0 P 0 N
A 5.7559055 1.7244095 5.7559055 2.0551181 5.7086614 1.8897638 0 P 0 N
A 5.7559055 2.5118111 5.7559055 2.8425197 5.7086614 2.6771654 0 P 0 N
A 5.9370079 2.2362205 6.2677165 2.2362205 6.1023622 2.2834646 0 P 0 N
A 6.2677165 2.3307087 5.9370079 2.3307087 6.1023622 2.2834646 0 P 0 N
L 0.265748 2.1062993 0.265748 2.8543307 0 P 0
L 0.265748 2.1062993 0.3051181 2.1062993 0 P 0
L 0.265748 2.2834646 0.3051181 2.2834646 0 P 0
L 0.265748 2.6771654 0.3051181 2.6771654 0 P 0
L 0.265748 2.8543307 0.3051181 2.8543307 0 P 0
L 0.3051181 2.1062993 0.3051181 2.8543307 0 P 0
L 0.3051181 2.1062993 0.9448819 2.1062993 0 P 0
L 0.3051181 2.8543307 0.9448819 2.8543307 0 P 0
L 0.3228347 1.4015748 0.3228347 1.8307086 0 P 0
L 0.3228347 1.4015748 2.4330709 1.4015748 0 P 0
L 0.3228347 1.8307086 0.3248032 1.8307086 0 P 0
L 0.3248032 1.8307086 2.4330709 1.8307086 0 P 0
L 0.3730314 2.0009843 0.3730314 2.0541339 0 P 0
L 0.3730314 2.0009843 0.4753937 2.0009843 0 P 0
L 0.3730314 2.0541339 0.4753937 2.0541339 0 P 0
L 0.3848426 2.902559 0.3848426 2.9438976 0 P 0
L 0.3848426 2.902559 0.4616142 2.902559 0 P 0
L 0.3848426 2.9438976 0.4616142 2.9438976 0 P 0
L 0.4330708 3.2283464 0.4330708 3.7007874 0 P 0
L 0.4330708 3.2283464 0.9055118 3.2283464 0 P 0
L 0.4330708 3.7007874 0.9055118 3.7007874 0 P 0
L 0.4616142 2.902559 0.4616142 2.9438976 0 P 0
L 0.4753937 2.0009843 0.4753937 2.0541339 0 P 0
L 0.562008 2.902559 0.562008 2.9438976 0 P 0
L 0.562008 2.902559 0.6387796 2.902559 0 P 0
L 0.562008 2.9438976 0.6387796 2.9438976 0 P 0
L 0.5718503 2.0009843 0.5718503 2.0541339 0 P 0
L 0.5718503 2.0009843 0.6742126 2.0009843 0 P 0
L 0.5718503 2.0541339 0.6742126 2.0541339 0 P 0
L 0.6387796 2.902559 0.6387796 2.9438976 0 P 0
L 0.6742126 2.0009843 0.6742126 2.0541339 0 P 0
L 0.7293308 2.902559 0.7293308 2.9438976 0 P 0
L 0.7293308 2.902559 0.8061024 2.902559 0 P 0
L 0.7293308 2.9438976 0.8061024 2.9438976 0 P 0
L 0.7765747 2.0009843 0.7765747 2.0541339 0 P 0
L 0.7765747 2.0009843 0.878937 2.0009843 0 P 0
L 0.7765747 2.0541339 0.878937 2.0541339 0 P 0
L 0.8061024 2.902559 0.8061024 2.9438976 0 P 0
L 0.878937 2.0009843 0.878937 2.0541339 0 P 0
L 0.9055118 3.2283464 0.9055118 3.7007874 0 P 0
L 0.9448819 2.1062993 0.9448819 2.8543307 0 P 0
L 1.1791339 3.246063 1.1791339 3.2627953 0 P 0
L 1.1791339 3.246063 1.1958662 3.246063 0 P 0
L 1.1791339 3.4301181 1.1958662 3.4468504 0 P 0
L 1.1791339 3.6397638 1.1791339 3.6564961 0 P 0
L 1.1791339 3.6397638 1.1958662 3.6397638 0 P 0
L 1.1791339 3.8238189 1.1958662 3.8405512 0 P 0
L 1.3533465 0.417323 1.3533465 0.448819 0 P 0
L 1.3533465 0.417323 1.4025591 0.417323 0 P 0
L 1.3533465 0.448819 1.4025591 0.448819 0 P 0
L 1.3533465 0.4960632 1.3533465 0.5275592 0 P 0
L 1.3533465 0.4960632 1.4025591 0.4960632 0 P 0
L 1.3533465 0.5275592 1.4025591 0.5275592 0 P 0
L 1.3533465 0.5748033 1.3533465 0.6062993 0 P 0
L 1.3533465 0.5748033 1.4025591 0.5748033 0 P 0
L 1.3533465 0.6062993 1.4025591 0.6062993 0 P 0
L 1.3533465 0.6535435 1.3533465 0.6850395 0 P 0
L 1.3533465 0.6535435 1.4025591 0.6535435 0 P 0
L 1.3533465 0.6850395 1.4025591 0.6850395 0 P 0
L 1.3533465 0.7322836 1.3533465 0.7637796 0 P 0
L 1.3533465 0.7322836 1.4025591 0.7322836 0 P 0
L 1.3533465 0.7637796 1.4025591 0.7637796 0 P 0
L 1.3622047 0.8848424 1.3622047 0.934055 0 P 0
L 1.3622047 0.8848424 1.3937007 0.8848424 0 P 0
L 1.3622047 0.934055 1.3937007 0.934055 0 P 0
L 1.3622047 0.9852362 1.3622047 1.0344488 0 P 0
L 1.3622047 0.9852362 1.3937007 0.9852362 0 P 0
L 1.3622047 1.0344488 1.3937007 1.0344488 0 P 0
L 1.3622047 1.0856299 1.3622047 1.1348425 0 P 0
L 1.3622047 1.0856299 1.3937007 1.0856299 0 P 0
L 1.3622047 1.1348425 1.3937007 1.1348425 0 P 0
L 1.3622048 3.246063 1.3799213 3.246063 0 P 0
L 1.3622048 3.6397638 1.3799213 3.6397638 0 P 0
L 1.363189 3.4468504 1.3799213 3.4468504 0 P 0
L 1.363189 3.8405512 1.3799213 3.8405512 0 P 0
L 1.3799213 3.246063 1.3799213 3.2627953 0 P 0
L 1.3799213 3.4301181 1.3799213 3.4468504 0 P 0
L 1.3799213 3.6397638 1.3799213 3.6564961 0 P 0
L 1.3799213 3.8238189 1.3799213 3.8405512 0 P 0
L 1.3937007 0.8848424 1.3937007 0.934055 0 P 0
L 1.3937007 0.9852362 1.3937007 1.0344488 0 P 0
L 1.3937007 1.0856299 1.3937007 1.1348425 0 P 0
L 1.4025591 0.417323 1.4025591 0.448819 0 P 0
L 1.4025591 0.4960632 1.4025591 0.5275592 0 P 0
L 1.4025591 0.5748033 1.4025591 0.6062993 0 P 0
L 1.4025591 0.6535435 1.4025591 0.6850395 0 P 0
L 1.4025591 0.7322836 1.4025591 0.7637796 0 P 0
L 1.4517716 0.417323 1.4517716 0.448819 0 P 0
L 1.4517716 0.417323 1.5009842 0.417323 0 P 0
L 1.4517716 0.448819 1.5009842 0.448819 0 P 0
L 1.4517716 0.4960632 1.4517716 0.5275592 0 P 0
L 1.4517716 0.4960632 1.5009842 0.4960632 0 P 0
L 1.4517716 0.5275592 1.5009842 0.5275592 0 P 0
L 1.4517716 0.5748033 1.4517716 0.6062993 0 P 0
L 1.4517716 0.5748033 1.5009842 0.5748033 0 P 0
L 1.4517716 0.6062993 1.5009842 0.6062993 0 P 0
L 1.4517716 0.6535435 1.4517716 0.6850395 0 P 0
L 1.4517716 0.6535435 1.5009842 0.6535435 0 P 0
L 1.4517716 0.6850395 1.5009842 0.6850395 0 P 0
L 1.4517716 0.7322836 1.4517716 0.7637796 0 P 0
L 1.4517716 0.7322836 1.5009842 0.7322836 0 P 0
L 1.4517716 0.7637796 1.5009842 0.7637796 0 P 0
L 1.4606298 1.0866141 1.4606298 1.1358267 0 P 0
L 1.4606298 1.0866141 1.4921258 1.0866141 0 P 0
L 1.4606298 1.1358267 1.4921258 1.1358267 0 P 0
L 1.4606299 0.8848424 1.4606299 0.934055 0 P 0
L 1.4606299 0.8848424 1.4921259 0.8848424 0 P 0
L 1.4606299 0.934055 1.4921259 0.934055 0 P 0
L 1.4606299 0.9852362 1.4606299 1.0344488 0 P 0
L 1.4606299 0.9852362 1.4921259 0.9852362 0 P 0
L 1.4606299 1.0344488 1.4921259 1.0344488 0 P 0
L 1.4921258 1.0866141 1.4921258 1.1358267 0 P 0
L 1.4921259 0.8848424 1.4921259 0.934055 0 P 0
L 1.4921259 0.9852362 1.4921259 1.0344488 0 P 0
L 1.5009842 0.417323 1.5009842 0.448819 0 P 0
L 1.5009842 0.4960632 1.5009842 0.5275592 0 P 0
L 1.5009842 0.5748033 1.5009842 0.6062993 0 P 0
L 1.5009842 0.6535435 1.5009842 0.6850395 0 P 0
L 1.5009842 0.7322836 1.5009842 0.7637796 0 P 0
L 1.5501969 0.417323 1.5501969 0.448819 0 P 0
L 1.5501969 0.417323 1.5994095 0.417323 0 P 0
L 1.5501969 0.448819 1.5994095 0.448819 0 P 0
L 1.5501969 0.4960632 1.5501969 0.5275592 0 P 0
L 1.5501969 0.4960632 1.5994095 0.4960632 0 P 0
L 1.5501969 0.5275592 1.5994095 0.5275592 0 P 0
L 1.5501969 0.5748033 1.5501969 0.6062993 0 P 0
L 1.5501969 0.5748033 1.5994095 0.5748033 0 P 0
L 1.5501969 0.6062993 1.5994095 0.6062993 0 P 0
L 1.5501969 0.6535435 1.5501969 0.6850395 0 P 0
L 1.5501969 0.6535435 1.5994095 0.6535435 0 P 0
L 1.5501969 0.6850395 1.5994095 0.6850395 0 P 0
L 1.5501969 0.7322836 1.5501969 0.7637796 0 P 0
L 1.5501969 0.7322836 1.5994095 0.7322836 0 P 0
L 1.5501969 0.7637796 1.5994095 0.7637796 0 P 0
L 1.5590551 0.8848424 1.5590551 0.934055 0 P 0
L 1.5590551 0.8848424 1.5905511 0.8848424 0 P 0
L 1.5590551 0.934055 1.5905511 0.934055 0 P 0
L 1.5590551 0.9852362 1.5590551 1.0344488 0 P 0
L 1.5590551 0.9852362 1.5905511 0.9852362 0 P 0
L 1.5590551 1.0344488 1.5905511 1.0344488 0 P 0
L 1.5590551 1.0856299 1.5590551 1.1348425 0 P 0
L 1.5590551 1.0856299 1.5905511 1.0856299 0 P 0
L 1.5590551 1.1348425 1.5905511 1.1348425 0 P 0
L 1.5905511 0.8848424 1.5905511 0.934055 0 P 0
L 1.5905511 0.9852362 1.5905511 1.0344488 0 P 0
L 1.5905511 1.0856299 1.5905511 1.1348425 0 P 0
L 1.5994095 0.417323 1.5994095 0.448819 0 P 0
L 1.5994095 0.4960632 1.5994095 0.5275592 0 P 0
L 1.5994095 0.5748033 1.5994095 0.6062993 0 P 0
L 1.5994095 0.6535435 1.5994095 0.6850395 0 P 0
L 1.5994095 0.7322836 1.5994095 0.7637796 0 P 0
L 1.6486219 0.417323 1.6486219 0.448819 0 P 0
L 1.6486219 0.417323 1.6978345 0.417323 0 P 0
L 1.6486219 0.448819 1.6978345 0.448819 0 P 0
L 1.6486219 0.4960632 1.6486219 0.5275592 0 P 0
L 1.6486219 0.4960632 1.6978345 0.4960632 0 P 0
L 1.6486219 0.5275592 1.6978345 0.5275592 0 P 0
L 1.6486219 0.5748033 1.6486219 0.6062993 0 P 0
L 1.6486219 0.5748033 1.6978345 0.5748033 0 P 0
L 1.6486219 0.6062993 1.6978345 0.6062993 0 P 0
L 1.6486219 0.6535435 1.6486219 0.6850395 0 P 0
L 1.6486219 0.6535435 1.6978345 0.6535435 0 P 0
L 1.6486219 0.6850395 1.6978345 0.6850395 0 P 0
L 1.6486219 0.7322836 1.6486219 0.7637796 0 P 0
L 1.6486219 0.7322836 1.6978345 0.7322836 0 P 0
L 1.6486219 0.7637796 1.6978345 0.7637796 0 P 0
L 1.6574803 0.8848424 1.6574803 0.934055 0 P 0
L 1.6574803 0.8848424 1.6889763 0.8848424 0 P 0
L 1.6574803 0.934055 1.6889763 0.934055 0 P 0
L 1.6574803 0.9852362 1.6574803 1.0344488 0 P 0
L 1.6574803 0.9852362 1.6889763 0.9852362 0 P 0
L 1.6574803 1.0344488 1.6889763 1.0344488 0 P 0
L 1.6574803 1.0856299 1.6574803 1.1348425 0 P 0
L 1.6574803 1.0856299 1.6889763 1.0856299 0 P 0
L 1.6574803 1.1348425 1.6889763 1.1348425 0 P 0
L 1.6889763 0.8848424 1.6889763 0.934055 0 P 0
L 1.6889763 0.9852362 1.6889763 1.0344488 0 P 0
L 1.6889763 1.0856299 1.6889763 1.1348425 0 P 0
L 1.6978345 0.417323 1.6978345 0.448819 0 P 0
L 1.6978345 0.4960632 1.6978345 0.5275592 0 P 0
L 1.6978345 0.5748033 1.6978345 0.6062993 0 P 0
L 1.6978345 0.6535435 1.6978345 0.6850395 0 P 0
L 1.6978345 0.7322836 1.6978345 0.7637796 0 P 0
L 1.7007874 3.1968504 1.7007874 3.2677165 0 P 0
L 1.7007874 3.1968504 1.7716535 3.1968504 0 P 0
L 1.7007874 3.8188977 1.7007874 3.8425197 0 P 0
L 1.7007874 3.8425197 1.7480315 3.8897638 0 P 0
L 1.7470472 0.417323 1.7470472 0.448819 0 P 0
L 1.7470472 0.417323 1.7962598 0.417323 0 P 0
L 1.7470472 0.448819 1.7962598 0.448819 0 P 0
L 1.7470472 0.4960632 1.7470472 0.5275592 0 P 0
L 1.7470472 0.4960632 1.7962598 0.4960632 0 P 0
L 1.7470472 0.5275592 1.7962598 0.5275592 0 P 0
L 1.7470472 0.5748033 1.7470472 0.6062993 0 P 0
L 1.7470472 0.5748033 1.7962598 0.5748033 0 P 0
L 1.7470472 0.6062993 1.7962598 0.6062993 0 P 0
L 1.7470472 0.6535435 1.7470472 0.6850395 0 P 0
L 1.7470472 0.6535435 1.7962598 0.6535435 0 P 0
L 1.7470472 0.6850395 1.7962598 0.6850395 0 P 0
L 1.7470472 0.7322836 1.7470472 0.7637796 0 P 0
L 1.7470472 0.7322836 1.7962598 0.7322836 0 P 0
L 1.7470472 0.7637796 1.7962598 0.7637796 0 P 0
L 1.7480315 3.8897638 1.7716535 3.8897638 0 P 0
L 1.7559055 0.8848424 1.7559055 0.934055 0 P 0
L 1.7559055 0.8848424 1.7874015 0.8848424 0 P 0
L 1.7559055 0.934055 1.7874015 0.934055 0 P 0
L 1.7559055 0.9852362 1.7559055 1.0344488 0 P 0
L 1.7559055 0.9852362 1.7874015 0.9852362 0 P 0
L 1.7559055 1.0344488 1.7874015 1.0344488 0 P 0
L 1.7559055 1.0856299 1.7559055 1.1348425 0 P 0
L 1.7559055 1.0856299 1.7874015 1.0856299 0 P 0
L 1.7559055 1.1348425 1.7874015 1.1348425 0 P 0
L 1.7874015 0.8848424 1.7874015 0.934055 0 P 0
L 1.7874015 0.9852362 1.7874015 1.0344488 0 P 0
L 1.7874015 1.0856299 1.7874015 1.1348425 0 P 0
L 1.7962598 0.417323 1.7962598 0.448819 0 P 0
L 1.7962598 0.4960632 1.7962598 0.5275592 0 P 0
L 1.7962598 0.5748033 1.7962598 0.6062993 0 P 0
L 1.7962598 0.6535435 1.7962598 0.6850395 0 P 0
L 1.7962598 0.7322836 1.7962598 0.7637796 0 P 0
L 1.9694883 0.4124016 1.9694883 0.4537402 0 P 0
L 1.9694883 0.4124016 2.0462599 0.4124016 0 P 0
L 1.9694883 0.4537402 2.0462599 0.4537402 0 P 0
L 1.9694883 0.4911418 1.9694883 0.5324804 0 P 0
L 1.9694883 0.4911418 2.0462599 0.4911418 0 P 0
L 1.9694883 0.5324804 2.0462599 0.5324804 0 P 0
L 1.9694883 0.6486221 1.9694883 0.6899607 0 P 0
L 1.9694883 0.6486221 2.0462599 0.6486221 0 P 0
L 1.9694883 0.6899607 2.0462599 0.6899607 0 P 0
L 1.9694883 0.7273622 1.9694883 0.7687008 0 P 0
L 1.9694883 0.7273622 2.0462599 0.7273622 0 P 0
L 1.9694883 0.7687008 2.0462599 0.7687008 0 P 0
L 1.9694884 0.5698819 1.9694884 0.6112205 0 P 0
L 1.9694884 0.5698819 2.04626 0.5698819 0 P 0
L 1.9694884 0.6112205 2.04626 0.6112205 0 P 0
L 1.9872048 0.8868111 1.9872048 0.9635827 0 P 0
L 1.9872048 0.8868111 2.0285434 0.8868111 0 P 0
L 1.9872048 0.9635827 2.0285434 0.9635827 0 P 0
L 1.9872048 1.0442913 1.9872048 1.1210629 0 P 0
L 1.9872048 1.0442913 2.0285434 1.0442913 0 P 0
L 1.9872048 1.1210629 2.0285434 1.1210629 0 P 0
L 2.0285434 0.8868111 2.0285434 0.9635827 0 P 0
L 2.0285434 1.0442913 2.0285434 1.1210629 0 P 0
L 2.0462599 0.4124016 2.0462599 0.4537402 0 P 0
L 2.0462599 0.4911418 2.0462599 0.5324804 0 P 0
L 2.0462599 0.6486221 2.0462599 0.6899607 0 P 0
L 2.0462599 0.7273622 2.0462599 0.7687008 0 P 0
L 2.04626 0.5698819 2.04626 0.6112205 0 P 0
L 2.0875985 0.4124016 2.0875985 0.4537402 0 P 0
L 2.0875985 0.4124016 2.1643701 0.4124016 0 P 0
L 2.0875985 0.4537402 2.1643701 0.4537402 0 P 0
L 2.0875985 0.4911418 2.0875985 0.5324804 0 P 0
L 2.0875985 0.4911418 2.1643701 0.4911418 0 P 0
L 2.0875985 0.5324804 2.1643701 0.5324804 0 P 0
L 2.0875985 0.5698819 2.0875985 0.6112205 0 P 0
L 2.0875985 0.5698819 2.1643701 0.5698819 0 P 0
L 2.0875985 0.6112205 2.1643701 0.6112205 0 P 0
L 2.0875985 0.6486221 2.0875985 0.6899607 0 P 0
L 2.0875985 0.6486221 2.1643701 0.6486221 0 P 0
L 2.0875985 0.6899607 2.1643701 0.6899607 0 P 0
L 2.0875985 0.7273622 2.0875985 0.7687008 0 P 0
L 2.0875985 0.7273622 2.1643701 0.7273622 0 P 0
L 2.0875985 0.7687008 2.1643701 0.7687008 0 P 0
L 2.105315 0.8868111 2.105315 0.9635827 0 P 0
L 2.105315 0.8868111 2.1466536 0.8868111 0 P 0
L 2.105315 0.9635827 2.1466536 0.9635827 0 P 0
L 2.105315 1.0442913 2.105315 1.1210629 0 P 0
L 2.105315 1.0442913 2.1466536 1.0442913 0 P 0
L 2.105315 1.1210629 2.1466536 1.1210629 0 P 0
L 2.1466536 0.8868111 2.1466536 0.9635827 0 P 0
L 2.1466536 1.0442913 2.1466536 1.1210629 0 P 0
L 2.1643701 0.4124016 2.1643701 0.4537402 0 P 0
L 2.1643701 0.4911418 2.1643701 0.5324804 0 P 0
L 2.1643701 0.5698819 2.1643701 0.6112205 0 P 0
L 2.1643701 0.6486221 2.1643701 0.6899607 0 P 0
L 2.1643701 0.7273622 2.1643701 0.7687008 0 P 0
L 2.2057087 0.6486221 2.2057087 0.6899607 0 P 0
L 2.2057087 0.6486221 2.2824803 0.6486221 0 P 0
L 2.2057087 0.6899607 2.2824803 0.6899607 0 P 0
L 2.2057088 0.4124016 2.2057088 0.4537402 0 P 0
L 2.2057088 0.4124016 2.2824804 0.4124016 0 P 0
L 2.2057088 0.4537402 2.2824804 0.4537402 0 P 0
L 2.2057088 0.4911418 2.2057088 0.5324804 0 P 0
L 2.2057088 0.4911418 2.2824804 0.4911418 0 P 0
L 2.2057088 0.5324804 2.2824804 0.5324804 0 P 0
L 2.2057088 0.5698819 2.2057088 0.6112205 0 P 0
L 2.2057088 0.5698819 2.2824804 0.5698819 0 P 0
L 2.2057088 0.6112205 2.2824804 0.6112205 0 P 0
L 2.2057088 0.7273622 2.2057088 0.7687008 0 P 0
L 2.2057088 0.7273622 2.2824804 0.7273622 0 P 0
L 2.2057088 0.7687008 2.2824804 0.7687008 0 P 0
L 2.2234252 0.886811 2.2234252 0.9635826 0 P 0
L 2.2234252 0.886811 2.2647638 0.886811 0 P 0
L 2.2234252 0.9635826 2.2647638 0.9635826 0 P 0
L 2.2234252 1.0442913 2.2234252 1.1210629 0 P 0
L 2.2234252 1.0442913 2.2647638 1.0442913 0 P 0
L 2.2234252 1.1210629 2.2647638 1.1210629 0 P 0
L 2.2647638 0.886811 2.2647638 0.9635826 0 P 0
L 2.2647638 1.0442913 2.2647638 1.1210629 0 P 0
L 2.2824803 0.6486221 2.2824803 0.6899607 0 P 0
L 2.2824804 0.4124016 2.2824804 0.4537402 0 P 0
L 2.2824804 0.4911418 2.2824804 0.5324804 0 P 0
L 2.2824804 0.5698819 2.2824804 0.6112205 0 P 0
L 2.2824804 0.7273622 2.2824804 0.7687008 0 P 0
L 2.3228347 3.1968504 2.3937008 3.1968504 0 P 0
L 2.3228347 3.8897638 2.3937008 3.8897638 0 P 0
L 2.323819 0.4124016 2.323819 0.4537402 0 P 0
L 2.323819 0.4124016 2.4005906 0.4124016 0 P 0
L 2.323819 0.4537402 2.4005906 0.4537402 0 P 0
L 2.323819 0.4911418 2.323819 0.5324804 0 P 0
L 2.323819 0.4911418 2.4005906 0.4911418 0 P 0
L 2.323819 0.5324804 2.4005906 0.5324804 0 P 0
L 2.323819 0.5698819 2.323819 0.6112205 0 P 0
L 2.323819 0.5698819 2.4005906 0.5698819 0 P 0
L 2.323819 0.6112205 2.4005906 0.6112205 0 P 0
L 2.323819 0.6486221 2.323819 0.6899607 0 P 0
L 2.323819 0.6486221 2.4005906 0.6486221 0 P 0
L 2.323819 0.6899607 2.4005906 0.6899607 0 P 0
L 2.323819 0.7273622 2.323819 0.7687008 0 P 0
L 2.323819 0.7273622 2.4005906 0.7273622 0 P 0
L 2.323819 0.7687008 2.4005906 0.7687008 0 P 0
L 2.3415355 0.886811 2.3415355 0.9635826 0 P 0
L 2.3415355 0.886811 2.3828741 0.886811 0 P 0
L 2.3415355 0.9635826 2.3828741 0.9635826 0 P 0
L 2.3415355 1.0442913 2.3415355 1.1210629 0 P 0
L 2.3415355 1.0442913 2.3828741 1.0442913 0 P 0
L 2.3415355 1.1210629 2.3828741 1.1210629 0 P 0
L 2.3828741 0.886811 2.3828741 0.9635826 0 P 0
L 2.3828741 1.0442913 2.3828741 1.1210629 0 P 0
L 2.3937008 3.1968504 2.3937008 3.2677165 0 P 0
L 2.3937008 3.8188977 2.3937008 3.8897638 0 P 0
L 2.4005906 0.4124016 2.4005906 0.4537402 0 P 0
L 2.4005906 0.4911418 2.4005906 0.5324804 0 P 0
L 2.4005906 0.5698819 2.4005906 0.6112205 0 P 0
L 2.4005906 0.6486221 2.4005906 0.6899607 0 P 0
L 2.4005906 0.7273622 2.4005906 0.7687008 0 P 0
L 2.4330709 1.4015748 2.4330709 1.8307086 0 P 0
L 2.4419292 0.4911418 2.4419292 0.5324804 0 P 0
L 2.4419292 0.4911418 2.5187008 0.4911418 0 P 0
L 2.4419292 0.5324804 2.5187008 0.5324804 0 P 0
L 2.4419292 0.5698819 2.4419292 0.6112205 0 P 0
L 2.4419292 0.5698819 2.5187008 0.5698819 0 P 0
L 2.4419292 0.6112205 2.5187008 0.6112205 0 P 0
L 2.4419293 0.4124016 2.4419293 0.4537402 0 P 0
L 2.4419293 0.4124016 2.5187009 0.4124016 0 P 0
L 2.4419293 0.4537402 2.5187009 0.4537402 0 P 0
L 2.4419293 0.6486221 2.4419293 0.6899607 0 P 0
L 2.4419293 0.6486221 2.5187009 0.6486221 0 P 0
L 2.4419293 0.6899607 2.5187009 0.6899607 0 P 0
L 2.4419293 0.7273622 2.4419293 0.7687008 0 P 0
L 2.4419293 0.7273622 2.5187009 0.7273622 0 P 0
L 2.4419293 0.7687008 2.5187009 0.7687008 0 P 0
L 2.4596457 0.886811 2.4596457 0.9635826 0 P 0
L 2.4596457 0.886811 2.5009843 0.886811 0 P 0
L 2.4596457 0.9635826 2.5009843 0.9635826 0 P 0
L 2.4596457 1.0442913 2.4596457 1.1210629 0 P 0
L 2.4596457 1.0442913 2.5009843 1.0442913 0 P 0
L 2.4596457 1.1210629 2.5009843 1.1210629 0 P 0
L 2.5009843 0.886811 2.5009843 0.9635826 0 P 0
L 2.5009843 1.0442913 2.5009843 1.1210629 0 P 0
L 2.5187008 0.4911418 2.5187008 0.5324804 0 P 0
L 2.5187008 0.5698819 2.5187008 0.6112205 0 P 0
L 2.5187009 0.4124016 2.5187009 0.4537402 0 P 0
L 2.5187009 0.6486221 2.5187009 0.6899607 0 P 0
L 2.5187009 0.7273622 2.5187009 0.7687008 0 P 0
L 2.6958661 0.4064961 2.6958661 0.4596457 0 P 0
L 2.6958661 0.4064961 2.7982284 0.4064961 0 P 0
L 2.6958661 0.4596457 2.7982284 0.4596457 0 P 0
L 2.6958661 0.4852362 2.6958661 0.5383858 0 P 0
L 2.6958661 0.4852362 2.7982284 0.4852362 0 P 0
L 2.6958661 0.5383858 2.7982284 0.5383858 0 P 0
L 2.6958661 0.5639764 2.6958661 0.617126 0 P 0
L 2.6958661 0.5639764 2.7982284 0.5639764 0 P 0
L 2.6958661 0.617126 2.7982284 0.617126 0 P 0
L 2.6958661 0.6427165 2.6958661 0.6958661 0 P 0
L 2.6958661 0.6427165 2.7982284 0.6427165 0 P 0
L 2.6958661 0.6958661 2.7982284 0.6958661 0 P 0
L 2.6958661 0.7214567 2.6958661 0.7746063 0 P 0
L 2.6958661 0.7214567 2.7982284 0.7214567 0 P 0
L 2.6958661 0.7746063 2.7982284 0.7746063 0 P 0
L 2.6993269 4.1043271 2.7319299 4.0717242 0 P 0
L 2.6993269 4.1043271 2.9429169 4.3479171 0 P 0
L 2.7204725 3.1742126 2.7204725 3.5187008 0 P 0
L 2.7204725 3.1742126 2.8700787 3.1742126 0 P 0
L 2.7204725 3.5187008 2.76658 3.5187008 0 P 0
L 2.7293308 0.8749999 2.7293308 0.9773622 0 P 0
L 2.7293308 0.8749999 2.7824804 0.8749999 0 P 0
L 2.7293308 0.9773622 2.7824804 0.9773622 0 P 0
L 2.7293308 1.0324803 2.7293308 1.1348426 0 P 0
L 2.7293308 1.0324803 2.7824804 1.0324803 0 P 0
L 2.7293308 1.1348426 2.7824804 1.1348426 0 P 0
L 2.7559055 1.4763779 2.7559055 1.7519685 0 P 0
L 2.7559055 1.4763779 3.6220473 1.4763779 0 P 0
L 2.7559055 1.7519685 3.6220473 1.7519685 0 P 0
L 2.7725116 4.0311425 2.8051145 3.9985395 0 P 0
L 2.7824804 0.8749999 2.7824804 0.9773622 0 P 0
L 2.7824804 1.0324803 2.7824804 1.1348426 0 P 0
L 2.7982284 0.4064961 2.7982284 0.4596457 0 P 0
L 2.7982284 0.4852362 2.7982284 0.5383858 0 P 0
L 2.7982284 0.5639764 2.7982284 0.617126 0 P 0
L 2.7982284 0.6427165 2.7982284 0.6958661 0 P 0
L 2.7982284 0.7214567 2.7982284 0.7746063 0 P 0
L 2.8051145 3.9985395 3.0487045 4.2421295 0 P 0
L 2.8239712 3.5187008 2.8700787 3.5187008 0 P 0
L 2.8533464 0.4064961 2.8533464 0.4596457 0 P 0
L 2.8533464 0.4064961 2.9557087 0.4064961 0 P 0
L 2.8533464 0.4596457 2.9557087 0.4596457 0 P 0
L 2.8533464 0.4852362 2.8533464 0.5383858 0 P 0
L 2.8533464 0.4852362 2.9557087 0.4852362 0 P 0
L 2.8533464 0.5383858 2.9557087 0.5383858 0 P 0
L 2.8533464 0.5639764 2.8533464 0.617126 0 P 0
L 2.8533464 0.5639764 2.9557087 0.5639764 0 P 0
L 2.8533464 0.617126 2.9557087 0.617126 0 P 0
L 2.8533464 0.6427165 2.8533464 0.6958661 0 P 0
L 2.8533464 0.6427165 2.9557087 0.6427165 0 P 0
L 2.8533464 0.6958661 2.9557087 0.6958661 0 P 0
L 2.8533464 0.7214567 2.8533464 0.7746063 0 P 0
L 2.8533464 0.7214567 2.9557087 0.7214567 0 P 0
L 2.8533464 0.7746063 2.9557087 0.7746063 0 P 0
L 2.8700787 3.1742126 2.8700787 3.5187008 0 P 0
L 2.8868111 0.8749999 2.8868111 0.9773622 0 P 0
L 2.8868111 0.8749999 2.9399607 0.8749999 0 P 0
L 2.8868111 0.9773622 2.9399607 0.9773622 0 P 0
L 2.8868111 1.0324803 2.8868111 1.1348426 0 P 0
L 2.8868111 1.0324803 2.9399607 1.0324803 0 P 0
L 2.8868111 1.1348426 2.9399607 1.1348426 0 P 0
L 2.9399607 0.8749999 2.9399607 0.9773622 0 P 0
L 2.9399607 1.0324803 2.9399607 1.1348426 0 P 0
L 2.9411455 3.7043846 2.9411455 3.7759304 0 P 0
L 2.9411455 3.7043846 3.3070866 3.3384435 0 P 0
L 2.9411455 3.7759304 3.3070866 4.1418715 0 P 0
L 2.9429169 4.3479171 3.0487045 4.2421295 0 P 0
L 2.9557087 0.4064961 2.9557087 0.4596457 0 P 0
L 2.9557087 0.4852362 2.9557087 0.5383858 0 P 0
L 2.9557087 0.5639764 2.9557087 0.617126 0 P 0
L 2.9557087 0.6427165 2.9557087 0.6958661 0 P 0
L 2.9557087 0.7214567 2.9557087 0.7746063 0 P 0
L 3.0108267 0.4064961 3.0108267 0.4596457 0 P 0
L 3.0108267 0.4064961 3.113189 0.4064961 0 P 0
L 3.0108267 0.4596457 3.113189 0.4596457 0 P 0
L 3.0108267 0.4852362 3.0108267 0.5383858 0 P 0
L 3.0108267 0.4852362 3.113189 0.4852362 0 P 0
L 3.0108267 0.5383858 3.113189 0.5383858 0 P 0
L 3.0108267 0.5639764 3.0108267 0.617126 0 P 0
L 3.0108267 0.5639764 3.113189 0.5639764 0 P 0
L 3.0108267 0.617126 3.113189 0.617126 0 P 0
L 3.0108267 0.6427165 3.0108267 0.6958661 0 P 0
L 3.0108267 0.6427165 3.113189 0.6427165 0 P 0
L 3.0108267 0.6958661 3.113189 0.6958661 0 P 0
L 3.0108267 0.7214567 3.0108267 0.7746063 0 P 0
L 3.0108267 0.7214567 3.113189 0.7214567 0 P 0
L 3.0108267 0.7746063 3.113189 0.7746063 0 P 0
L 3.0442914 0.8749999 3.0442914 0.9773622 0 P 0
L 3.0442914 0.8749999 3.097441 0.8749999 0 P 0
L 3.0442914 0.9773622 3.097441 0.9773622 0 P 0
L 3.0442914 1.0324803 3.0442914 1.1348426 0 P 0
L 3.0442914 1.0324803 3.097441 1.0324803 0 P 0
L 3.0442914 1.1348426 3.097441 1.1348426 0 P 0
L 3.097441 0.8749999 3.097441 0.9773622 0 P 0
L 3.097441 1.0324803 3.097441 1.1348426 0 P 0
L 3.113189 0.4064961 3.113189 0.4596457 0 P 0
L 3.113189 0.4852362 3.113189 0.5383858 0 P 0
L 3.113189 0.5639764 3.113189 0.617126 0 P 0
L 3.113189 0.6427165 3.113189 0.6958661 0 P 0
L 3.113189 0.7214567 3.113189 0.7746063 0 P 0
L 3.1683071 0.4064961 3.1683071 0.4596457 0 P 0
L 3.1683071 0.4064961 3.2706694 0.4064961 0 P 0
L 3.1683071 0.4596457 3.2706694 0.4596457 0 P 0
L 3.1683071 0.4852362 3.1683071 0.5383858 0 P 0
L 3.1683071 0.4852362 3.2706694 0.4852362 0 P 0
L 3.1683071 0.5383858 3.2706694 0.5383858 0 P 0
L 3.1683071 0.5639764 3.1683071 0.617126 0 P 0
L 3.1683071 0.5639764 3.2706694 0.5639764 0 P 0
L 3.1683071 0.617126 3.2706694 0.617126 0 P 0
L 3.1683071 0.6427165 3.1683071 0.6958661 0 P 0
L 3.1683071 0.6427165 3.2706694 0.6427165 0 P 0
L 3.1683071 0.6958661 3.2706694 0.6958661 0 P 0
L 3.1683071 0.7214567 3.1683071 0.7746063 0 P 0
L 3.1683071 0.7214567 3.2706694 0.7214567 0 P 0
L 3.1683071 0.7746063 3.2706694 0.7746063 0 P 0
L 3.2017718 0.8749999 3.2017718 0.9773622 0 P 0
L 3.2017718 0.8749999 3.2549214 0.8749999 0 P 0
L 3.2017718 0.9773622 3.2549214 0.9773622 0 P 0
L 3.2017718 1.0324803 3.2017718 1.1348426 0 P 0
L 3.2017718 1.0324803 3.2549214 1.0324803 0 P 0
L 3.2017718 1.1348426 3.2549214 1.1348426 0 P 0
L 3.2549214 0.8749999 3.2549214 0.9773622 0 P 0
L 3.2549214 1.0324803 3.2549214 1.1348426 0 P 0
L 3.2706694 0.4064961 3.2706694 0.4596457 0 P 0
L 3.2706694 0.4852362 3.2706694 0.5383858 0 P 0
L 3.2706694 0.5639764 3.2706694 0.617126 0 P 0
L 3.2706694 0.6427165 3.2706694 0.6958661 0 P 0
L 3.2706694 0.7214567 3.2706694 0.7746063 0 P 0
L 3.3070866 3.3384435 3.7088006 3.7401575 0 P 0
L 3.3070866 4.1418715 3.7088006 3.7401575 0 P 0
L 3.3257874 0.4064961 3.3257874 0.4596457 0 P 0
L 3.3257874 0.4064961 3.4281497 0.4064961 0 P 0
L 3.3257874 0.4596457 3.4281497 0.4596457 0 P 0
L 3.3257874 0.4852362 3.3257874 0.5383858 0 P 0
L 3.3257874 0.4852362 3.4281497 0.4852362 0 P 0
L 3.3257874 0.5383858 3.4281497 0.5383858 0 P 0
L 3.3257874 0.5639764 3.3257874 0.617126 0 P 0
L 3.3257874 0.5639764 3.4281497 0.5639764 0 P 0
L 3.3257874 0.617126 3.4281497 0.617126 0 P 0
L 3.3257874 0.6427165 3.3257874 0.6958661 0 P 0
L 3.3257874 0.6427165 3.4281497 0.6427165 0 P 0
L 3.3257874 0.6958661 3.4281497 0.6958661 0 P 0
L 3.3257874 0.7214567 3.3257874 0.7746063 0 P 0
L 3.3257874 0.7214567 3.4281497 0.7214567 0 P 0
L 3.3257874 0.7746063 3.4281497 0.7746063 0 P 0
L 3.3592521 0.8749999 3.3592521 0.9773622 0 P 0
L 3.3592521 0.8749999 3.4124017 0.8749999 0 P 0
L 3.3592521 0.9773622 3.4124017 0.9773622 0 P 0
L 3.3592521 1.0324803 3.3592521 1.1348426 0 P 0
L 3.3592521 1.0324803 3.4124017 1.0324803 0 P 0
L 3.3592521 1.1348426 3.4124017 1.1348426 0 P 0
L 3.4124017 0.8749999 3.4124017 0.9773622 0 P 0
L 3.4124017 1.0324803 3.4124017 1.1348426 0 P 0
L 3.4281497 0.4064961 3.4281497 0.4596457 0 P 0
L 3.4281497 0.4852362 3.4281497 0.5383858 0 P 0
L 3.4281497 0.5639764 3.4281497 0.617126 0 P 0
L 3.4281497 0.6427165 3.4281497 0.6958661 0 P 0
L 3.4281497 0.7214567 3.4281497 0.7746063 0 P 0
L 3.5654687 4.2421295 3.5980717 4.2747324 0 P 0
L 3.5654687 4.2421295 3.8090587 3.9985395 0 P 0
L 3.6220473 1.4763779 3.6220473 1.7519685 0 P 0
L 3.6386534 4.3153141 3.6712563 4.3479171 0 P 0
L 3.6712563 4.3479171 3.9148463 4.1043271 0 P 0
L 3.7125985 0.4448818 3.7125985 0.5 0 P 0
L 3.7125985 0.5 3.7480315 0.5 0 P 0
L 3.7125985 0.6417322 3.7125985 0.6968504 0 P 0
L 3.7125985 0.6417322 3.7509843 0.6417322 0 P 0
L 3.7125985 0.8385826 3.7125985 0.8937008 0 P 0
L 3.7125985 0.8937008 3.7480315 0.8937008 0 P 0
L 3.7125986 1.035433 3.7125986 1.0905512 0 P 0
L 3.7125986 1.035433 3.7509844 1.035433 0 P 0
L 3.7440945 3.1742126 3.7440945 3.5187008 0 P 0
L 3.7440945 3.1742126 3.790202 3.1742126 0 P 0
L 3.7440945 3.5187008 3.8937007 3.5187008 0 P 0
L 3.7696851 0.4448818 3.7893701 0.4448818 0 P 0
L 3.7696851 0.6968504 3.7893701 0.6968504 0 P 0
L 3.7696851 0.8385826 3.7893701 0.8385826 0 P 0
L 3.7696852 1.0905512 3.7893702 1.0905512 0 P 0
L 3.8080709 0.5 3.8464567 0.5 0 P 0
L 3.8080709 0.8937008 3.8464567 0.8937008 0 P 0
L 3.8090587 3.9985395 3.9148463 4.1043271 0 P 0
L 3.8110237 0.6417322 3.8464567 0.6417322 0 P 0
L 3.8110238 1.035433 3.8464568 1.035433 0 P 0
L 3.8464567 0.4448818 3.8464567 0.5 0 P 0
L 3.8464567 0.6417322 3.8464567 0.6968504 0 P 0
L 3.8464567 0.8385826 3.8464567 0.8937008 0 P 0
L 3.8464568 1.035433 3.8464568 1.0905512 0 P 0
L 3.8475932 3.1742126 3.8937007 3.1742126 0 P 0
L 3.8937007 3.1742126 3.8937007 3.5187008 0 P 0
L 3.9094489 0.4448818 3.9094489 0.5 0 P 0
L 3.9094489 0.5 3.9448819 0.5 0 P 0
L 3.9094489 0.6417322 3.9094489 0.6968504 0 P 0
L 3.9094489 0.6417322 3.9478347 0.6417322 0 P 0
L 3.9094489 0.8385826 3.9094489 0.8937008 0 P 0
L 3.9094489 0.8937008 3.9448819 0.8937008 0 P 0
L 3.909449 1.035433 3.909449 1.0905512 0 P 0
L 3.909449 1.035433 3.9478348 1.035433 0 P 0
L 3.9271654 1.4468504 3.9271654 1.781496 0 P 0
L 3.9271654 1.4468504 4.261811 1.4468504 0 P 0
L 3.9271654 1.781496 4.261811 1.781496 0 P 0
L 3.9665355 0.4448818 3.9862205 0.4448818 0 P 0
L 3.9665355 0.6968504 3.9862205 0.6968504 0 P 0
L 3.9665355 0.8385826 3.9862205 0.8385826 0 P 0
L 3.9665356 1.0905512 3.9862206 1.0905512 0 P 0
L 3.984252 1.9291339 3.984252 2.9488189 0 P 0
L 3.984252 1.9291339 4.2047244 1.9291339 0 P 0
L 3.984252 2.9488189 4.2047244 2.9488189 0 P 0
L 4.0049213 0.5 4.0433071 0.5 0 P 0
L 4.0049213 0.8937008 4.0433071 0.8937008 0 P 0
L 4.0078741 0.6417322 4.0433071 0.6417322 0 P 0
L 4.0078742 1.035433 4.0433072 1.035433 0 P 0
L 4.0433071 0.4448818 4.0433071 0.5 0 P 0
L 4.0433071 0.6417322 4.0433071 0.6968504 0 P 0
L 4.0433071 0.8385826 4.0433071 0.8937008 0 P 0
L 4.0433072 1.035433 4.0433072 1.0905512 0 P 0
L 4.1062993 0.4448818 4.1062993 0.5 0 P 0
L 4.1062993 0.5 4.1417323 0.5 0 P 0
L 4.1062993 0.6417322 4.1062993 0.6968504 0 P 0
L 4.1062993 0.6417322 4.1446851 0.6417322 0 P 0
L 4.1062993 0.8385826 4.1062993 0.8937008 0 P 0
L 4.1062993 0.8937008 4.1417323 0.8937008 0 P 0
L 4.1062994 1.035433 4.1062994 1.0905512 0 P 0
L 4.1062994 1.035433 4.1446852 1.035433 0 P 0
L 4.1496063 3.1889764 4.1496063 3.8425197 0 P 0
L 4.1496063 3.1889764 4.1732284 3.1653543 0 P 0
L 4.1496063 3.8425197 4.8031496 3.8425197 0 P 0
L 4.1633859 0.4448818 4.1830709 0.4448818 0 P 0
L 4.1633859 0.6968504 4.1830709 0.6968504 0 P 0
L 4.1633859 0.8385826 4.1830709 0.8385826 0 P 0
L 4.163386 1.0905512 4.183071 1.0905512 0 P 0
L 4.1732284 3.1653543 4.8031496 3.1653543 0 P 0
L 4.2017717 0.5 4.2401575 0.5 0 P 0
L 4.2017717 0.8937008 4.2401575 0.8937008 0 P 0
L 4.2047244 1.9291339 4.2047244 2.9488189 0 P 0
L 4.2047245 0.6417322 4.2401575 0.6417322 0 P 0
L 4.2047246 1.035433 4.2401576 1.035433 0 P 0
L 4.2401575 0.4448818 4.2401575 0.5 0 P 0
L 4.2401575 0.6417322 4.2401575 0.6968504 0 P 0
L 4.2401575 0.8385826 4.2401575 0.8937008 0 P 0
L 4.2401576 1.035433 4.2401576 1.0905512 0 P 0
L 4.261811 1.4468504 4.261811 1.781496 0 P 0
L 4.3031497 0.4448818 4.3031497 0.5 0 P 0
L 4.3031497 0.5 4.3385827 0.5 0 P 0
L 4.3031497 0.6417322 4.3031497 0.6968504 0 P 0
L 4.3031497 0.6417322 4.3415355 0.6417322 0 P 0
L 4.3031497 0.8385826 4.3031497 0.8937008 0 P 0
L 4.3031497 0.8937008 4.3385827 0.8937008 0 P 0
L 4.3031498 1.035433 4.3031498 1.0905512 0 P 0
L 4.3031498 1.035433 4.3415356 1.035433 0 P 0
L 4.3602363 0.4448818 4.3799213 0.4448818 0 P 0
L 4.3602363 0.6968504 4.3799213 0.6968504 0 P 0
L 4.3602363 0.8385826 4.3799213 0.8385826 0 P 0
L 4.3602364 1.0905512 4.3799214 1.0905512 0 P 0
L 4.3700788 4.1141732 4.3700788 4.3897638 0 P 0
L 4.3700788 4.1141732 4.6062992 4.1141732 0 P 0
L 4.3700788 4.3897638 4.6062992 4.3897638 0 P 0
L 4.3986221 0.5 4.4370079 0.5 0 P 0
L 4.3986221 0.8937008 4.4370079 0.8937008 0 P 0
L 4.4015749 0.6417322 4.4370079 0.6417322 0 P 0
L 4.401575 1.035433 4.437008 1.035433 0 P 0
L 4.4370079 0.4448818 4.4370079 0.5 0 P 0
L 4.4370079 0.6417322 4.4370079 0.6968504 0 P 0
L 4.4370079 0.8385826 4.4370079 0.8937008 0 P 0
L 4.437008 1.035433 4.437008 1.0905512 0 P 0
L 4.4389764 1.4468504 4.4389764 1.781496 0 P 0
L 4.4389764 1.4468504 4.773622 1.4468504 0 P 0
L 4.4389764 1.781496 4.773622 1.781496 0 P 0
L 4.496063 1.9291339 4.496063 2.9488189 0 P 0
L 4.496063 1.9291339 4.7165354 1.9291339 0 P 0
L 4.496063 2.9488189 4.7165354 2.9488189 0 P 0
L 4.6062992 4.1141732 4.6062992 4.3897638 0 P 0
L 4.7165354 1.9291339 4.7165354 2.9488189 0 P 0
L 4.773622 1.4468504 4.773622 1.781496 0 P 0
L 4.8031496 0.4173228 4.8031496 0.4251968 0 P 0
L 4.8031496 0.4173228 5.0984252 0.4173228 0 P 0
L 4.8031496 0.6771654 4.8031496 0.6850394 0 P 0
L 4.8031496 0.6850394 5.0984252 0.6850394 0 P 0
L 4.8031496 3.1653543 4.8267717 3.1889764 0 P 0
L 4.8031496 3.8425197 4.8267717 3.8188976 0 P 0
L 4.8267717 3.1889764 4.8267717 3.8188976 0 P 0
L 4.9212598 0.8503937 4.9212598 1.1181103 0 P 0
L 4.9212598 0.8503937 5.2165354 0.8503937 0 P 0
L 4.9212598 1.1181103 5.2165354 1.1181103 0 P 0
L 5.0787401 2.3818898 5.1181102 2.3818898 0 P 0
L 5.0984252 0.4173228 5.0984252 0.6850394 0 P 0
L 5.0984252 2.3622048 5.0984252 2.4015748 0 P 0
L 5.1375993 3.1690955 5.1375993 4.2602355 0 P 0
L 5.1375993 3.1690955 6.2797235 3.1690955 0 P 0
L 5.1375993 4.2602355 5.1885835 4.3112197 0 P 0
L 5.1377952 2.2047244 5.1377952 2.2362205 0 P 0
L 5.1377952 2.2047244 5.2362204 2.1062992 0 P 0
L 5.1377952 2.3307087 5.1377952 2.3622048 0 P 0
L 5.1377952 2.3622048 5.2362204 2.46063 0 P 0
L 5.1885835 4.3112197 6.2797235 4.3112197 0 P 0
L 5.2165354 0.8503937 5.2165354 0.8582677 0 P 0
L 5.2165354 1.1102363 5.2165354 1.1181103 0 P 0
L 5.2362204 2.1062992 5.492126 2.1062992 0 P 0
L 5.2362204 2.46063 5.492126 2.46063 0 P 0
L 5.492126 2.1062992 5.492126 2.2362205 0 P 0
L 5.492126 2.3307087 5.492126 2.46063 0 P 0
L 5.531496 1.8110236 5.531496 2.0669292 0 P 0
L 5.531496 1.8110236 5.6299212 1.7125984 0 P 0
L 5.531496 2.0669292 5.6614173 2.0669292 0 P 0
L 5.531496 2.5 5.531496 2.7559056 0 P 0
L 5.531496 2.5 5.6614173 2.5 0 P 0
L 5.531496 2.7559056 5.6299212 2.8543308 0 P 0
L 5.5797244 2.2450788 5.5797244 2.3218504 0 P 0
L 5.5797244 2.2450788 5.621063 2.2450788 0 P 0
L 5.5797244 2.3218504 5.621063 2.3218504 0 P 0
L 5.5905512 1.6732284 5.6299212 1.6732284 0 P 0
L 5.6102362 1.6535433 5.6102362 1.6929134 0 P 0
L 5.621063 2.2450788 5.621063 2.3218504 0 P 0
L 5.6299212 1.7125984 5.6614173 1.7125984 0 P 0
L 5.6299212 2.8543308 5.6614173 2.8543308 0 P 0
L 5.6702756 2.1545276 5.6702756 2.1958662 0 P 0
L 5.6702756 2.1545276 5.7470472 2.1545276 0 P 0
L 5.6702756 2.1958662 5.7470472 2.1958662 0 P 0
L 5.6702756 2.371063 5.6702756 2.4124016 0 P 0
L 5.6702756 2.371063 5.7470472 2.371063 0 P 0
L 5.6702756 2.4124016 5.7470472 2.4124016 0 P 0
L 5.7470472 2.1545276 5.7470472 2.1958662 0 P 0
L 5.7470472 2.371063 5.7470472 2.4124016 0 P 0
L 5.7559055 1.7125984 5.7874016 1.7125984 0 P 0
L 5.7559055 2.0669292 5.8858268 2.0669292 0 P 0
L 5.7559055 2.5 5.8858268 2.5 0 P 0
L 5.7559055 2.8543308 5.7874016 2.8543308 0 P 0
L 5.7874016 1.7125984 5.8858268 1.8110236 0 P 0
L 5.7874016 2.8543308 5.8858268 2.7559056 0 P 0
L 5.7874016 2.8937008 5.8267716 2.8937008 0 P 0
L 5.7962598 2.2450788 5.7962598 2.3218504 0 P 0
L 5.7962598 2.2450788 5.8375984 2.2450788 0 P 0
L 5.7962598 2.3218504 5.8375984 2.3218504 0 P 0
L 5.8070866 2.8740158 5.8070866 2.9133859 0 P 0
L 5.8375984 2.2450788 5.8375984 2.3218504 0 P 0
L 5.8858268 1.8110236 5.8858268 2.0669292 0 P 0
L 5.8858268 2.5 5.8858268 2.7559056 0 P 0
L 5.9251968 2.1062992 5.9251968 2.2362205 0 P 0
L 5.9251968 2.1062992 6.1811024 2.1062992 0 P 0
L 5.9251968 2.3307087 5.9251968 2.46063 0 P 0
L 5.9251968 2.46063 6.1811024 2.46063 0 P 0
L 6.1811024 2.1062992 6.2795276 2.2047244 0 P 0
L 6.1811024 2.46063 6.2795276 2.3622048 0 P 0
L 6.2795276 2.2047244 6.2795276 2.2362205 0 P 0
L 6.2795276 2.3307087 6.2795276 2.3622048 0 P 0
L 6.2797235 3.1690955 6.2797235 4.3112197 0 P 0
L 6.2992126 2.1850394 6.3385827 2.1850394 0 P 0
L 6.3188976 2.1653544 6.3188976 2.2047244 0 P 0
P 0.285433 2.194882 2 P 0 0
P 0.285433 2.7657481 2 P 0 0
P 1.6889763 3.9015748 4 P 0 0
P 2.8895038 3.7401574 5 P 0 0
P 4.9015744 0.9842517 3 P 0 0
P 5.1181102 0.5511812 3 P 0 0
P 5.1181102 4.3307086 6 P 0 0
P 5.7086614 0.9399606 7 P 0 0
